Numbers: [45.200000, 12.326489, 120.321000]
Count: 3
Sum: 177.847
Largest: 120.321
Smallest: 12.3265
Average: 59.2825
=======================
Numbers: [10.000000, 12.300000, 85.326500, 10.325000, 78.232600, 12.002400, 80.001000, 78.032980, 1.000300, 4.023250, 1.000000, 7.093000, 14.256900, 11.111100, 10.004500, 789.232600]
Count: 16
Sum: 1203.94
Largest: 789.233
Smallest: 1
Average: 75.2464
=======================
